0000110110100100010001001111110011001101011001110110110010100110100010101000000000001011101010101011
1111110110100110000000101111110001101000000111001001111010100001101100100110111010000101110111001000
0100111111000101100000001101010000111101100000000101110100101101111011010010100100101011100010110111
1100010101100001111011011111111001011011111000100110010110001111111011000010011001011001110110000111
1111001111100111011011011010010100110110010000111010011111110100111001010100000000011101110010010010
0111101100101110101100111100000110001101010111111101100001011011000101101111111000110001000111100010
0100100101111000000000000111001000000010001001001000110001000000110011100100101011100000111000000001
1011101100111000101011110100001000001100111000111100101011010001011101001110000010101001101110100101
1010111010000100010010100100100110111011010110111000111111001000100001101000111001111001001111010100
1001011110101100010100101001010100101100110101100110110001110101111110111001100010111011101110010010
1001110010101000010101100111100101001001010110110111101100101000101001110011010101110010000000011111
1000000100010001101111000100001010010001111110000011100101100010011111100100111101000001101110100101
1111110110001111000110010011110110001100000101110010101111011010010001101100010100110010101100110110
0101000101110101101101110100011001000011001110111110111100001101010000111011101110010011000111101101
0001111001111000110100100111110111000111000100000001111001101011010110011011011001100001100001001010
0000001111101010100100011110010100110101011011100001101110011101101000111110111011000001010001100111
0101100011111001101101011000001001001010101001010111011010010010110011001100000101011101101110000001
1111001101101000000111111010001101001110100111101010010010000110100011010100001000100111011010010110
0111010111000001000010010111101100100011011010100011101000111011000001010001101101111010110000111011
1011111100101111110111011011001011101010000011010001011000111001110011011110100001110011001111011001
1100001010110110111010010000010000011110000010011001110101010111101011000110000100100111011010011101
0111001010101111101011111100111100101101111001011011000000110101101000100001100000101010100101110110
0100110111010000000011101110010011111100001000110100111000101011110001101100100111100100011101110011
1011011101110100100101011011110000000111101100111111101001110010110100011100000011011101100010001010
0111100111000111010110110001000110001010111011100101101000101101000010001100001001111010000000011110
1111101001111101011011000010101110010111001000100111100011000011000101000111000010010000010000001110
0000111111010110000000110110110011011010110100110001111010101011100010001101011000010000011100110001
0010011000101001101111100010010101100011010001100111110110010110001001111000001110010000101000001110
1111110001100101101000000001110110001000110100011011000111001001011110101011110110000011111110111000
1011010110010011000111011101010010000010000101000010110100001111110111000001100011010110100000000100
1101010000001101100000000111001110111111101111110011010111100001000010110011111110111111110110110101
1011000001110101111110100001010000111000011000101001001011011111000010111111000010000001010001010000
1100001000000101000110010011010001011111111010010011001101101111000001100100010010101110000011111000
0110101101011111001000001101100000101000000111101001010010000000011101111011101001100011010110000000
1000000011000111000100011010101000110100100110110011100101111100101011111101011110010110011100001111
1111110110000100001011100101100011010100110001000111101010101000100010011111000110110101010111010000
0010100101000001101110011011010000100101000110011001011100010101100010011101010110100111000001011010
0010110010101111101111010100100010110000000110000011010101000100110010011110010010111001000111011001
0111111001000001001000101000010101011001101011111010111101000111110011000110001100101110100100010011
0011000100010100010100101010011101110110011111011110000111000000101111111010010100011101111001001011
1100001101101010111111110011110110001001101001001011011100001011001000100110110111010110111101000000
1101011110110001000110011101111010110100000000000100110000110011011110001110101011100001011100101011
1000110110101010000110110000011010110101010010001010101010000001011010011101111100011010000111010000
0110001000110001001111111000100100001000010010010110001111101110110110010010110111110000111100101011
1101011111011111011110010001110101110111110101011111110100111010011010001110111110101111110000010000
0001111000101101110110111111100100011001010100011111111101111110001101111010111010101000110101000101
0001100000111010101001010001010010100010000101111100010100010011011111011000000010011101000100110110
1011000010011001110011000011000101110010001101101011110101111101010000000001000101011111010010001011
1111000011111110101000001010111100000100110111100001000100011100111000011001101000010101000000111111
1001111101011101110111001111011100101001111100010011100110010101101100100011001000100000011000110110
1110110110000111001100100101001000010111001111011110111110011111100011001100001001001100010111000110
1010011110110010101011011010011010111110111001100011110100101000111001010100010101110001111100111000
1100010110101010100100000101001010111001001000110101101100010011110111111111111011101000101010100000
1111110010001101100101111110100001010100100111110111010100000010110111100100011111111010101011101111
1100110101100100000101010011010001110101100000010010001000000100100011101111001000011111101101111101
0010100111101011000010011100100100111100010110110010111111100100010010101000100100101011110000101000
1111001000110010101000110101111011101110111000011111000100111110111101100010000011011111100010110100
1011010011001110011001001001100000001010001011011100110000000110010111101011001010101100111011001111
1001010001001100110010110101010101011100110101010000001100110111110101110001110111000100000011101011
1100000011010001000001100000011100101010100100111011001001100011100100110000110100111010100011111011
0101101101010011110010111011110110001001000000101001111101001011010010111111001000011111110111110100
1101100001001011101011001010011100000011011101011100010000111111010000000111111101111100011001001110
1011000011110101110110011101110101010001110100001111110011111010100100001101111011001100111001100110
1000111011100000000000010001011000100111100001101100111011100101111011100100111101101000010001100100
1001000011111000101001011011101110111011001110100011000001000110000010110110111001100111010000001010
1011100011011000000000000001110000111110010111011100111111100100000011100010011101011100110001011101
0110101000101011000011000101110100000101100011111000101110100010010010110000100111010001101010010111
0100010010001001110001001000111011001101001010110110000111110001010001001011101010111011101011010011
0100010010010111011110110101001001100001101101001001110100101100100110000010010001101001111010010111
1111001001011000010101001111010001000101010010011000001000101100111010101111001000100001110010010010
1001010100001001010110101010011010000101110011111011111001011101110011010110011110101101000110101111
1000111100111010011011001001110000010010000111110111111111110001110000110001110100101111101110101000
0001100110011011000101010110101001011001101100100111100111010111100010010110100101010101000100000110
0010111110000001110000011001110100010100011110111110000001011001101001111011101000000111101110000101
1110111100111111010110011111101010011100111001110110010110010000001111110010101110010111001001111101
0110110011000001010110110100110100110010111111100011100101110011010100111100000101110100011001100001
1101000011110111001100001001001110010111110010011111100110000010101000100101000001011000011101001110
1010001001111001101111100010001010100000010100111011001010010001011101001101101000011010000000111011
1100011111110010010101000001100101011001001011100001111000110011100101011110000101010101100101100011
0000100001000101110101001000110100101110110101011001100110001001010111101100100000000110101100101011
1011001110111111100000010000100000110001100011000100010100000110000101001101000010000100010100010111
0110110101111111100001101001001101101101101100100011000010111000100010100110101010111011000001011110
1000001000011100011111101110010001111010111110110110110110011100110110011101001010110111100001100010
1110111010010001110101001100010101100000110101110011101011000100011101100001110100000001000010110100
1110101000100111001010100110000101011111011000110010110011100111111011000000111000000011000001011011
1101100110101101011101000011101111110111110100111010101000100101011000010100101010001100110010000000
1110101111010011110001010110000000010000101101001110001010011001011111101111110011110101000101011111
1100110110000001001100011101101000010110111010100101110100001011100010111000000101101101010111011101
1100111111010110100011110010111001111101011110100101000001010011001011001100110110101110101110110011
0100111000110111110000101110011101001000110000000011011000001011011111001100010100110101100010101100
1011010010001011000100011111111000101110000100110011101010010011101100101010100011110011101110111100
0100100000000100111011010011010011011110110111010010100011010110110000111001011110111101001100101011
1101101101001100011010111010011010000110010101001101110101000001111011101010111011110001110100111110
1011011101100110101101110111101000000100010110111110100100010101100111011001101111000111101110010100
1011011100001000110011100000011111011010110011111111101101110100001101011111111100001110011000000110
0100011101000110001101000000000111011111000000100010100011000100101100001011100011001010011011011100
0010011011011010101101001010000001111100111010111100011000101010101001000100100000101011010111110110
1111110001100101100011010001011000100110011111010010010111111000010111001000011011011111110101011010
0100001000011011100100000111110100100100000111001000000010111000000110011010010110011000101011010100
10111011100011111001110001001101001100110001001001110110